-1524293.000000
-358272.000000
965130.000000
-2994514.000000
-1235044.000000
-260083.000000
-2126503.000000
-2729567.000000
2559744.000000
-3429964.000000
2566640.000000
-2001748.000000
-3311902.000000
1839858.000000
-3142038.000000
2576653.000000
1973411.000000
2167174.000000
-2137114.000000
-2164307.000000
709489.000000
2305351.000000
897873.000000
1914741.000000
-1005457.000000
-615742.000000
2570108.000000
233633.000000
-493452.000000
-2277734.000000
-2639692.000000
-100828.000000
1391454.000000
-2713583.000000
-441610.000000
1967301.000000
2316633.000000
-2356374.000000
-3058772.000000
-2693610.000000
-1438252.000000
-522146.000000
3038618.000000
254341.000000
3348568.000000
1677583.000000
558094.000000
2754501.000000
-2590808.000000
-2930660.000000
1137937.000000
-408961.000000
524779.000000
1399765.000000
2701490.000000
-3034207.000000
-1943818.000000
-2562006.000000
1814728.000000
-2014121.000000
381498.000000
3476940.000000
-1678936.000000
-3069925.000000
2145758.000000
-156874.000000
-76950.000000
-3211394.000000
2501660.000000
-2185962.000000
935484.000000
-399569.000000
-1452302.000000
2685112.000000
-2447732.000000
239070.000000
2686304.000000
3513801.000000
3252882.000000
839228.000000
-711266.000000
-2639878.000000
28589.000000
-1162746.000000
2645518.000000
2052798.000000
2057366.000000
-3211581.000000
-354731.000000
-1605860.000000
1865582.000000
-2197093.000000
-2485410.000000
1764425.000000
2580269.000000
1623156.000000
-1762296.000000
-2729424.000000
-145397.000000
-38402.000000
-248041.000000
1327218.000000
-1376284.000000
-711682.000000
993592.000000
-2818458.000000
-2857697.000000
932910.000000
